depo: 36629498.02305511, %: 3662949.8023055107, maxDropDown: 68.74
total: 2885, win: 1669, lose: 1216
