End of evaluation
depo: 2742241995.457471, %: 274224199.5457471, maxDropDown: 62.59
total: 6155, win: 3426, lose: 2729
