depo: 459769.6148912708, %: 45976.96148912708
total: 4326, win: 2501, lose: 1825
