depo: 92167.80312877642, %: 9216.780312877641
total: 1710, win: 884, lose: 826
