depo: 475371621.17402846, %: 47537162.117402844, maxDropDown: 71.66
total: 2605, win: 1374, lose: 1231
