depo: 460976684.30199844, %: 46097668.43019984, maxDropDown: 71.66
total: 2604, win: 1374, lose: 1230
