depo: 190 111 355.89802626, %: 19011135.589802627, maxDropDown: 62.2
total: 3252, win: 1760, lose: 1492
