depo: 49239561.62268454, %: 4923956.162268454, maxDropDown: 81.24
total: 2485, win: 1313, lose: 1172
