depo: 118828029.55434388, %: 11882802.955434388, maxDropDown: 69.84
total: 4115, win: 2231, lose: 1884
